m = 27
x = (-1.25779370, 0.04348731, 1.03916624, 1.48239286)

